Time(sec)	CellId	BwpId	IMSI	pathLoss(dB)
0.0179286	1	0	2	-117.181
0.0179286	3	0	3	-75.406
0.0588571	1	0	2	-117.181
0.0818571	3	0	3	-75.406
0.138857	1	0	2	-117.181
0.161857	3	0	3	-75.406
0.218857	1	0	2	-117.181
0.241857	3	0	3	-75.406
0.298857	1	0	2	-117.181
0.321857	3	0	3	-75.406
0.378857	1	0	2	-117.181
0.401857	3	0	3	-75.406
0.415929	1	0	2	-117.181
0.415929	3	0	3	-75.406
0.416929	1	0	2	-117.181
0.416929	3	0	3	-75.406
0.417929	1	0	2	-117.181
0.417929	3	0	3	-75.406
0.418929	1	0	2	-117.181
0.418929	3	0	3	-75.406
0.419929	3	0	3	-75.406
0.419929	1	0	2	-117.181
0.420929	3	0	3	-75.406
0.420929	1	0	2	-117.181
0.421929	3	0	3	-75.406
0.421929	1	0	2	-117.181
0.422929	3	0	3	-75.406
0.422929	1	0	2	-117.181
0.423929	1	0	2	-117.181
0.424929	1	0	2	-117.181
0.425929	1	0	2	-117.181
0.426929	1	0	2	-117.181
0.427929	1	0	2	-117.181
0.428929	1	0	2	-117.181
0.458857	1	0	2	-117.181
0.481857	3	0	3	-75.406
0.538857	1	0	2	-117.181
0.561857	3	0	3	-75.406
0.618857	1	0	2	-117.181
0.641857	3	0	3	-75.406
0.698857	1	0	2	-117.181
0.721857	3	0	3	-75.406
0.778857	1	0	2	-117.181
0.801857	3	0	3	-75.406
0.858857	1	0	2	-117.181
0.881857	3	0	3	-75.406
0.938857	1	0	2	-117.181
0.961857	3	0	3	-75.406
1.01886	1	0	2	-117.181
1.04186	3	0	3	-75.406
1.09886	1	0	2	-117.181
1.12186	3	0	3	-75.406
1.17886	1	0	2	-117.181
1.20186	3	0	3	-75.406
1.25886	1	0	2	-117.181
1.28186	3	0	3	-75.406
1.33886	1	0	2	-117.181
1.36186	3	0	3	-75.406
1.41886	1	0	2	-117.181
1.44186	3	0	3	-75.406
1.49886	1	0	2	-117.181
1.52186	3	0	3	-75.406
1.57886	1	0	2	-117.181
1.60186	3	0	3	-75.406
1.65886	1	0	2	-117.181
1.68186	3	0	3	-75.406
1.73886	1	0	2	-117.181
1.76186	3	0	3	-75.406
1.81886	1	0	2	-117.181
1.84186	3	0	3	-75.406
1.89886	1	0	2	-117.181
1.92186	3	0	3	-75.406
1.97886	1	0	2	-117.181
2.00186	3	0	3	-75.406
2.05886	1	0	2	-117.181
2.08186	3	0	3	-75.406
2.13886	1	0	2	-117.181
2.16186	3	0	3	-75.406
2.21886	1	0	2	-117.181
2.24186	3	0	3	-75.406
2.29886	1	0	2	-117.181
2.32186	3	0	3	-75.406
2.37886	1	0	2	-117.181
2.40186	3	0	3	-75.406
2.45886	1	0	2	-117.181
2.48186	3	0	3	-75.406
2.53886	1	0	2	-117.181
2.56186	3	0	3	-75.406
2.61886	1	0	2	-117.181
2.64186	3	0	3	-75.406
2.69886	1	0	2	-117.181
2.72186	3	0	3	-75.406
2.77886	1	0	2	-117.181
2.80186	3	0	3	-75.406
2.85886	1	0	2	-117.181
2.88186	3	0	3	-75.406
2.93886	1	0	2	-117.181
2.96186	3	0	3	-75.406
3.01886	1	0	2	-117.181
3.04186	3	0	3	-75.406
3.09886	1	0	2	-117.181
3.12186	3	0	3	-75.406
3.17886	1	0	2	-117.181
3.20186	3	0	3	-75.406
3.25886	1	0	2	-117.181
3.28186	3	0	3	-75.406
3.33886	1	0	2	-117.181
3.36186	3	0	3	-75.406
3.41886	1	0	2	-117.181
3.44186	3	0	3	-75.406
3.49886	1	0	2	-117.181
3.52186	3	0	3	-75.406
3.57886	1	0	2	-117.181
3.60186	3	0	3	-75.406
3.65886	1	0	2	-117.181
3.68186	3	0	3	-75.406
3.73886	1	0	2	-117.181
3.76186	3	0	3	-75.406
3.81886	1	0	2	-117.181
3.84186	3	0	3	-75.406
3.89886	1	0	2	-117.181
3.92186	3	0	3	-75.406
3.97886	1	0	2	-117.181
4.00186	3	0	3	-75.406
4.05886	1	0	2	-117.181
4.08186	3	0	3	-75.406
4.13886	1	0	2	-117.181
4.16186	3	0	3	-75.406
4.21886	1	0	2	-117.181
4.24186	3	0	3	-75.406
4.29886	1	0	2	-117.181
4.32186	3	0	3	-75.406
4.37886	1	0	2	-117.181
4.40186	3	0	3	-75.406
4.45886	1	0	2	-117.181
4.48186	3	0	3	-75.406
4.53886	1	0	2	-117.181
4.56186	3	0	3	-75.406
4.61886	1	0	2	-117.181
4.64186	3	0	3	-75.406
4.69886	1	0	2	-117.181
4.72186	3	0	3	-75.406
4.77886	1	0	2	-117.181
4.80186	3	0	3	-75.406
4.85886	1	0	2	-117.181
4.88186	3	0	3	-75.406
4.93886	1	0	2	-117.181
4.96186	3	0	3	-75.406
5.01886	1	0	2	-117.181
5.04186	3	0	3	-75.406
5.09886	1	0	2	-117.181
5.12186	3	0	3	-75.406
5.17886	1	0	2	-117.181
5.20186	3	0	3	-75.406
5.25886	1	0	2	-117.181
5.28186	3	0	3	-75.406
5.33886	1	0	2	-117.181
5.36186	3	0	3	-75.406
5.41886	1	0	2	-117.181
5.44186	3	0	3	-75.406
5.49886	1	0	2	-117.181
5.52186	3	0	3	-75.406
5.57886	1	0	2	-117.181
5.60186	3	0	3	-75.406
5.65886	1	0	2	-117.181
5.68186	3	0	3	-75.406
5.73886	1	0	2	-117.181
5.76186	3	0	3	-75.406
5.81886	1	0	2	-117.181
5.84186	3	0	3	-75.406
5.89886	1	0	2	-117.181
5.92186	3	0	3	-75.406
5.97886	1	0	2	-117.181
6.00186	3	0	3	-75.406
6.05886	1	0	2	-117.181
6.08186	3	0	3	-75.406
6.13886	1	0	2	-117.181
6.16186	3	0	3	-75.406
6.21886	1	0	2	-117.181
6.24186	3	0	3	-75.406
6.29886	1	0	2	-117.181
6.32186	3	0	3	-75.406
6.37886	1	0	2	-117.181
6.40186	3	0	3	-75.406
6.45886	1	0	2	-117.181
6.48186	3	0	3	-75.406
6.53886	1	0	2	-117.181
6.56186	3	0	3	-75.406
6.61886	1	0	2	-117.181
6.64186	3	0	3	-75.406
6.69886	1	0	2	-117.181
6.72186	3	0	3	-75.406
6.77886	1	0	2	-117.181
6.80186	3	0	3	-75.406
6.85886	1	0	2	-117.181
6.88186	3	0	3	-75.406
6.93886	1	0	2	-117.181
6.96186	3	0	3	-75.406
7.01886	1	0	2	-117.181
7.04186	3	0	3	-75.406
7.09886	1	0	2	-117.181
7.12186	3	0	3	-75.406
7.17886	1	0	2	-117.181
7.20186	3	0	3	-75.406
7.25886	1	0	2	-117.181
7.28186	3	0	3	-75.406
7.33886	1	0	2	-117.181
7.36186	3	0	3	-75.406
7.41886	1	0	2	-117.181
7.44186	3	0	3	-75.406
7.49886	1	0	2	-117.181
7.52186	3	0	3	-75.406
7.57886	1	0	2	-117.181
7.60186	3	0	3	-75.406
7.65886	1	0	2	-117.181
7.68186	3	0	3	-75.406
7.73886	1	0	2	-117.181
7.76186	3	0	3	-75.406
7.81886	1	0	2	-117.181
7.84186	3	0	3	-75.406
7.89886	1	0	2	-117.181
7.92186	3	0	3	-75.406
7.97886	1	0	2	-117.181
8.00186	3	0	3	-75.406
8.05886	1	0	2	-117.181
8.08186	3	0	3	-75.406
8.13886	1	0	2	-117.181
8.16186	3	0	3	-75.406
8.21886	1	0	2	-117.181
8.24186	3	0	3	-75.406
8.29886	1	0	2	-117.181
8.32186	3	0	3	-75.406
8.37886	1	0	2	-117.181
8.40186	3	0	3	-75.406
8.45886	1	0	2	-117.181
8.48186	3	0	3	-75.406
8.53886	1	0	2	-117.181
8.56186	3	0	3	-75.406
8.61886	1	0	2	-117.181
8.64186	3	0	3	-75.406
8.69886	1	0	2	-117.181
8.72186	3	0	3	-75.406
8.77886	1	0	2	-117.181
8.80186	3	0	3	-75.406
8.85886	1	0	2	-117.181
8.88186	3	0	3	-75.406
8.93886	1	0	2	-117.181
8.96186	3	0	3	-75.406
9.01886	1	0	2	-117.181
9.04186	3	0	3	-75.406
9.09886	1	0	2	-117.181
9.12186	3	0	3	-75.406
9.17886	1	0	2	-117.181
9.20186	3	0	3	-75.406
9.25886	1	0	2	-117.181
9.28186	3	0	3	-75.406
9.33886	1	0	2	-117.181
9.36186	3	0	3	-75.406
9.41886	1	0	2	-117.181
9.44186	3	0	3	-75.406
9.49886	1	0	2	-117.181
9.52186	3	0	3	-75.406
9.57886	1	0	2	-117.181
9.60186	3	0	3	-75.406
9.65886	1	0	2	-117.181
9.68186	3	0	3	-75.406
9.73886	1	0	2	-117.181
9.76186	3	0	3	-75.406
9.81886	1	0	2	-117.181
9.84186	3	0	3	-75.406
9.89886	1	0	2	-117.181
9.92186	3	0	3	-75.406
9.97886	1	0	2	-117.181
10.0019	3	0	3	-75.406
10.0589	1	0	2	-117.181
10.0819	3	0	3	-75.406
10.1389	1	0	2	-117.181
10.1619	3	0	3	-75.406
10.2189	1	0	2	-117.181
10.2419	3	0	3	-75.406
10.2989	1	0	2	-117.181
10.3219	3	0	3	-75.406
10.3789	1	0	2	-117.181
10.4019	3	0	3	-75.406
10.4589	1	0	2	-117.181
10.4819	3	0	3	-75.406
10.5389	1	0	2	-117.181
10.5619	3	0	3	-75.406
10.6189	1	0	2	-117.181
10.6419	3	0	3	-75.406
10.6989	1	0	2	-117.181
10.7219	3	0	3	-75.406
10.7789	1	0	2	-117.181
10.8019	3	0	3	-75.406
10.8589	1	0	2	-117.181
10.8819	3	0	3	-75.406
10.9389	1	0	2	-117.181
10.9619	3	0	3	-75.406
11.0189	1	0	2	-117.181
11.0419	3	0	3	-75.406
11.0989	1	0	2	-117.181
11.1219	3	0	3	-75.406
11.1789	1	0	2	-117.181
11.2019	3	0	3	-75.406
11.2589	1	0	2	-117.181
11.2819	3	0	3	-75.406
11.3389	1	0	2	-117.181
11.3619	3	0	3	-75.406
11.4189	1	0	2	-117.181
11.4419	3	0	3	-75.406
11.4989	1	0	2	-117.181
11.5219	3	0	3	-75.406
11.5789	1	0	2	-117.181
11.6019	3	0	3	-75.406
11.6589	1	0	2	-117.181
11.6819	3	0	3	-75.406
11.7389	1	0	2	-117.181
11.7619	3	0	3	-75.406
11.8189	1	0	2	-117.181
11.8419	3	0	3	-75.406
11.8989	1	0	2	-117.181
11.9219	3	0	3	-75.406
11.9789	1	0	2	-117.181
12.0019	3	0	3	-75.406
12.0589	1	0	2	-117.181
12.0819	3	0	3	-75.406
12.1389	1	0	2	-117.181
12.1619	3	0	3	-75.406
12.2189	1	0	2	-117.181
12.2419	3	0	3	-75.406
12.2989	1	0	2	-117.181
12.3219	3	0	3	-75.406
12.3789	1	0	2	-117.181
12.4019	3	0	3	-75.406
12.4589	1	0	2	-117.181
12.4819	3	0	3	-75.406
12.5389	1	0	2	-117.181
12.5619	3	0	3	-75.406
12.6189	1	0	2	-117.181
12.6419	3	0	3	-75.406
12.6989	1	0	2	-117.181
12.7219	3	0	3	-75.406
12.7789	1	0	2	-117.181
12.8019	3	0	3	-75.406
12.8589	1	0	2	-117.181
12.8819	3	0	3	-75.406
12.9389	1	0	2	-117.181
12.9619	3	0	3	-75.406
13.0189	1	0	2	-117.181
13.0419	3	0	3	-75.406
13.0989	1	0	2	-117.181
13.1219	3	0	3	-75.406
13.1789	1	0	2	-117.181
13.2019	3	0	3	-75.406
13.2589	1	0	2	-117.181
13.2819	3	0	3	-75.406
13.3389	1	0	2	-117.181
13.3619	3	0	3	-75.406
13.4189	1	0	2	-117.181
13.4419	3	0	3	-75.406
13.4989	1	0	2	-117.181
13.5219	3	0	3	-75.406
13.5789	1	0	2	-117.181
13.6019	3	0	3	-75.406
13.6589	1	0	2	-117.181
13.6819	3	0	3	-75.406
13.7389	1	0	2	-117.181
13.7619	3	0	3	-75.406
13.8189	1	0	2	-117.181
13.8419	3	0	3	-75.406
13.8989	1	0	2	-117.181
13.9219	3	0	3	-75.406
13.9789	1	0	2	-117.181
14.0019	3	0	3	-75.406
14.0589	1	0	2	-117.181
14.0819	3	0	3	-75.406
14.1389	1	0	2	-117.181
14.1619	3	0	3	-75.406
14.2189	1	0	2	-117.181
14.2419	3	0	3	-75.406
14.2989	1	0	2	-117.181
14.3219	3	0	3	-75.406
14.3789	1	0	2	-117.181
14.4019	3	0	3	-75.406
14.4589	1	0	2	-117.181
14.4819	3	0	3	-75.406
14.5389	1	0	2	-117.181
14.5619	3	0	3	-75.406
14.6189	1	0	2	-117.181
14.6419	3	0	3	-75.406
14.6989	1	0	2	-117.181
14.7219	3	0	3	-75.406
14.7789	1	0	2	-117.181
14.8019	3	0	3	-75.406
14.8589	1	0	2	-117.181
14.8819	3	0	3	-75.406
14.9389	1	0	2	-117.181
14.9619	3	0	3	-75.406
15.0189	1	0	2	-117.181
15.0419	3	0	3	-75.406
15.0989	1	0	2	-117.181
15.1219	3	0	3	-75.406
15.1789	1	0	2	-117.181
15.2019	3	0	3	-75.406
15.2589	1	0	2	-117.181
15.2819	3	0	3	-75.406
15.3389	1	0	2	-117.181
15.3619	3	0	3	-75.406
15.4189	1	0	2	-117.181
15.4419	3	0	3	-75.406
15.4989	1	0	2	-117.181
15.5219	3	0	3	-75.406
15.5789	1	0	2	-117.181
15.6019	3	0	3	-75.406
15.6589	1	0	2	-117.181
15.6819	3	0	3	-75.406
15.7389	1	0	2	-117.181
15.7619	3	0	3	-75.406
15.8189	1	0	2	-117.181
15.8419	3	0	3	-75.406
15.8989	1	0	2	-117.181
15.9219	3	0	3	-75.406
15.9789	1	0	2	-117.181
16.0019	3	0	3	-75.406
16.0589	1	0	2	-117.181
16.0819	3	0	3	-75.406
16.1389	1	0	2	-117.181
16.1619	3	0	3	-75.406
16.2189	1	0	2	-117.181
16.2419	3	0	3	-75.406
16.2989	1	0	2	-117.181
16.3219	3	0	3	-75.406
16.3789	1	0	2	-117.181
16.4019	3	0	3	-75.406
16.4589	1	0	2	-117.181
16.4819	3	0	3	-75.406
16.5389	1	0	2	-117.181
16.5619	3	0	3	-75.406
16.6189	1	0	2	-117.181
16.6419	3	0	3	-75.406
16.6989	1	0	2	-117.181
16.7219	3	0	3	-75.406
16.7789	1	0	2	-117.181
16.8019	3	0	3	-75.406
16.8589	1	0	2	-117.181
16.8819	3	0	3	-75.406
16.9389	1	0	2	-117.181
16.9619	3	0	3	-75.406
17.0189	1	0	2	-117.181
17.0419	3	0	3	-75.406
17.0989	1	0	2	-117.181
17.1219	3	0	3	-75.406
17.1789	1	0	2	-117.181
17.2019	3	0	3	-75.406
17.2589	1	0	2	-117.181
17.2819	3	0	3	-75.406
17.3389	1	0	2	-117.181
17.3619	3	0	3	-75.406
17.4189	1	0	2	-117.181
17.4419	3	0	3	-75.406
17.4989	1	0	2	-117.181
17.5219	3	0	3	-75.406
17.5789	1	0	2	-117.181
17.6019	3	0	3	-75.406
17.6589	1	0	2	-117.181
17.6819	3	0	3	-75.406
17.7389	1	0	2	-117.181
17.7619	3	0	3	-75.406
17.8189	1	0	2	-117.181
17.8419	3	0	3	-75.406
17.8989	1	0	2	-117.181
17.9219	3	0	3	-75.406
17.9789	1	0	2	-117.181
18.0019	3	0	3	-75.406
18.0589	1	0	2	-117.181
18.0819	3	0	3	-75.406
18.1389	1	0	2	-117.181
18.1619	3	0	3	-75.406
18.2189	1	0	2	-117.181
18.2419	3	0	3	-75.406
18.2989	1	0	2	-117.181
18.3219	3	0	3	-75.406
18.3789	1	0	2	-117.181
18.4019	3	0	3	-75.406
18.4589	1	0	2	-117.181
18.4819	3	0	3	-75.406
18.5389	1	0	2	-117.181
18.5619	3	0	3	-75.406
18.6189	1	0	2	-117.181
18.6419	3	0	3	-75.406
18.6989	1	0	2	-117.181
18.7219	3	0	3	-75.406
18.7789	1	0	2	-117.181
18.8019	3	0	3	-75.406
18.8589	1	0	2	-117.181
18.8819	3	0	3	-75.406
18.9389	1	0	2	-117.181
18.9619	3	0	3	-75.406
19.0189	1	0	2	-117.181
19.0419	3	0	3	-75.406
19.0989	1	0	2	-117.181
19.1219	3	0	3	-75.406
19.1789	1	0	2	-117.181
19.2019	3	0	3	-75.406
19.2589	1	0	2	-117.181
19.2819	3	0	3	-75.406
19.3389	1	0	2	-117.181
19.3619	3	0	3	-75.406
19.4189	1	0	2	-117.181
19.4419	3	0	3	-75.406
19.4989	1	0	2	-117.181
19.5219	3	0	3	-75.406
19.5789	1	0	2	-117.181
19.6019	3	0	3	-75.406
19.6589	1	0	2	-117.181
19.6819	3	0	3	-75.406
19.7389	1	0	2	-117.181
19.7619	3	0	3	-75.406
19.8189	1	0	2	-117.181
19.8419	3	0	3	-75.406
19.8989	1	0	2	-117.181
19.9219	3	0	3	-75.406
19.9789	1	0	2	-117.181
20.0019	3	0	3	-75.406
20.0589	1	0	2	-117.181
20.0819	3	0	3	-75.406
20.1389	1	0	2	-117.181
20.1619	3	0	3	-75.406
20.2189	1	0	2	-117.181
20.2419	3	0	3	-75.406
20.2989	1	0	2	-117.181
20.3219	3	0	3	-75.406
20.3789	1	0	2	-117.181
20.4019	3	0	3	-75.406
20.4589	1	0	2	-117.181
20.4819	3	0	3	-75.406
20.5389	1	0	2	-117.181
20.5619	3	0	3	-75.406
20.6189	1	0	2	-117.181
20.6419	3	0	3	-75.406
20.6989	1	0	2	-117.181
20.7219	3	0	3	-75.406
20.7789	1	0	2	-117.181
20.8019	3	0	3	-75.406
20.8589	1	0	2	-117.181
20.8819	3	0	3	-75.406
20.9389	1	0	2	-117.181
20.9619	3	0	3	-75.406
21.0189	1	0	2	-117.181
21.0419	3	0	3	-75.406
21.0989	1	0	2	-117.181
21.1219	3	0	3	-75.406
21.1789	1	0	2	-117.181
21.2019	3	0	3	-75.406
21.2589	1	0	2	-117.181
21.2819	3	0	3	-75.406
21.3389	1	0	2	-117.181
21.3619	3	0	3	-75.406
21.4189	1	0	2	-117.181
21.4419	3	0	3	-75.406
21.4989	1	0	2	-117.181
21.5219	3	0	3	-75.406
21.5789	1	0	2	-117.181
21.6019	3	0	3	-75.406
21.6589	1	0	2	-117.181
21.6819	3	0	3	-75.406
21.7389	1	0	2	-117.181
21.7619	3	0	3	-75.406
21.8189	1	0	2	-117.181
21.8419	3	0	3	-75.406
21.8989	1	0	2	-117.181
21.9219	3	0	3	-75.406
21.9789	1	0	2	-117.181
22.0019	3	0	3	-75.406
22.0589	1	0	2	-117.181
22.0819	3	0	3	-75.406
22.1389	1	0	2	-117.181
22.1619	3	0	3	-75.406
22.2189	1	0	2	-117.181
22.2419	3	0	3	-75.406
22.2989	1	0	2	-117.181
22.3219	3	0	3	-75.406
22.3789	1	0	2	-117.181
22.4019	3	0	3	-75.406
22.4589	1	0	2	-117.181
22.4819	3	0	3	-75.406
22.5389	1	0	2	-117.181
22.5619	3	0	3	-75.406
22.6189	1	0	2	-117.181
22.6419	3	0	3	-75.406
22.6989	1	0	2	-117.181
22.7219	3	0	3	-75.406
22.7789	1	0	2	-117.181
22.8019	3	0	3	-75.406
22.8589	1	0	2	-117.181
22.8819	3	0	3	-75.406
22.9389	1	0	2	-117.181
22.9619	3	0	3	-75.406
23.0189	1	0	2	-117.181
23.0419	3	0	3	-75.406
23.0989	1	0	2	-117.181
23.1219	3	0	3	-75.406
23.1789	1	0	2	-117.181
23.2019	3	0	3	-75.406
23.2589	1	0	2	-117.181
23.2819	3	0	3	-75.406
23.3389	1	0	2	-117.181
23.3619	3	0	3	-75.406
23.4189	1	0	2	-117.181
23.4419	3	0	3	-75.406
23.4989	1	0	2	-117.181
23.5219	3	0	3	-75.406
23.5789	1	0	2	-117.181
23.6019	3	0	3	-75.406
23.6589	1	0	2	-117.181
23.6819	3	0	3	-75.406
23.7389	1	0	2	-117.181
23.7619	3	0	3	-75.406
23.8189	1	0	2	-117.181
23.8419	3	0	3	-75.406
23.8989	1	0	2	-117.181
23.9219	3	0	3	-75.406
23.9789	1	0	2	-117.181
24.0019	3	0	3	-75.406
24.0589	1	0	2	-117.181
24.0819	3	0	3	-75.406
24.1389	1	0	2	-117.181
24.1619	3	0	3	-75.406
24.2189	1	0	2	-117.181
24.2419	3	0	3	-75.406
24.2989	1	0	2	-117.181
24.3219	3	0	3	-75.406
24.3789	1	0	2	-117.181
24.4019	3	0	3	-75.406
24.4589	1	0	2	-117.181
24.4819	3	0	3	-75.406
24.5389	1	0	2	-117.181
24.5619	3	0	3	-75.406
24.6189	1	0	2	-117.181
24.6419	3	0	3	-75.406
24.6989	1	0	2	-117.181
24.7219	3	0	3	-75.406
24.7789	1	0	2	-117.181
24.8019	3	0	3	-75.406
24.8589	1	0	2	-117.181
24.8819	3	0	3	-75.406
24.9389	1	0	2	-117.181
24.9619	3	0	3	-75.406
25.0189	1	0	2	-117.181
25.0419	3	0	3	-75.406
25.0989	1	0	2	-117.181
25.1219	3	0	3	-75.406
25.1789	1	0	2	-117.181
25.2019	3	0	3	-75.406
25.2589	1	0	2	-117.181
25.2819	3	0	3	-75.406
25.3389	1	0	2	-117.181
25.3619	3	0	3	-75.406
25.4189	1	0	2	-117.181
25.4419	3	0	3	-75.406
25.4989	1	0	2	-117.181
25.5219	3	0	3	-75.406
25.5789	1	0	2	-117.181
25.6019	3	0	3	-75.406
25.6589	1	0	2	-117.181
25.6819	3	0	3	-75.406
25.7389	1	0	2	-117.181
25.7619	3	0	3	-75.406
25.8189	1	0	2	-117.181
25.8419	3	0	3	-75.406
25.8989	1	0	2	-117.181
25.9219	3	0	3	-75.406
25.9789	1	0	2	-117.181
26.0019	3	0	3	-75.406
26.0589	1	0	2	-117.181
26.0819	3	0	3	-75.406
26.1389	1	0	2	-117.181
26.1619	3	0	3	-75.406
26.2189	1	0	2	-117.181
26.2419	3	0	3	-75.406
26.2989	1	0	2	-117.181
26.3219	3	0	3	-75.406
26.3789	1	0	2	-117.181
26.4019	3	0	3	-75.406
26.4589	1	0	2	-117.181
26.4819	3	0	3	-75.406
26.5389	1	0	2	-117.181
26.5619	3	0	3	-75.406
26.6189	1	0	2	-117.181
26.6419	3	0	3	-75.406
26.6989	1	0	2	-117.181
26.7219	3	0	3	-75.406
26.7789	1	0	2	-117.181
26.8019	3	0	3	-75.406
26.8589	1	0	2	-117.181
26.8819	3	0	3	-75.406
26.9389	1	0	2	-117.181
26.9619	3	0	3	-75.406
27.0189	1	0	2	-117.181
27.0419	3	0	3	-75.406
27.0989	1	0	2	-117.181
27.1219	3	0	3	-75.406
27.1789	1	0	2	-117.181
27.2019	3	0	3	-75.406
27.2589	1	0	2	-117.181
27.2819	3	0	3	-75.406
27.3389	1	0	2	-117.181
27.3619	3	0	3	-75.406
27.4189	1	0	2	-117.181
27.4419	3	0	3	-75.406
27.4989	1	0	2	-117.181
27.5219	3	0	3	-75.406
27.5789	1	0	2	-117.181
27.6019	3	0	3	-75.406
27.6589	1	0	2	-117.181
27.6819	3	0	3	-75.406
27.7389	1	0	2	-117.181
27.7619	3	0	3	-75.406
27.8189	1	0	2	-117.181
27.8419	3	0	3	-75.406
27.8989	1	0	2	-117.181
27.9219	3	0	3	-75.406
27.9789	1	0	2	-117.181
28.0019	3	0	3	-75.406
28.0589	1	0	2	-117.181
28.0819	3	0	3	-75.406
28.1389	1	0	2	-117.181
28.1619	3	0	3	-75.406
28.2189	1	0	2	-117.181
28.2419	3	0	3	-75.406
28.2989	1	0	2	-117.181
28.3219	3	0	3	-75.406
28.3789	1	0	2	-117.181
28.4019	3	0	3	-75.406
28.4589	1	0	2	-117.181
28.4819	3	0	3	-75.406
28.5389	1	0	2	-117.181
28.5619	3	0	3	-75.406
28.6189	1	0	2	-117.181
28.6419	3	0	3	-75.406
28.6989	1	0	2	-117.181
28.7219	3	0	3	-75.406
28.7789	1	0	2	-117.181
28.8019	3	0	3	-75.406
28.8589	1	0	2	-117.181
28.8819	3	0	3	-75.406
28.9389	1	0	2	-117.181
28.9619	3	0	3	-75.406
29.0189	1	0	2	-117.181
29.0419	3	0	3	-75.406
29.0989	1	0	2	-117.181
29.1219	3	0	3	-75.406
29.1789	1	0	2	-117.181
29.2019	3	0	3	-75.406
29.2589	1	0	2	-117.181
29.2819	3	0	3	-75.406
29.3389	1	0	2	-117.181
29.3619	3	0	3	-75.406
29.4189	1	0	2	-117.181
29.4419	3	0	3	-75.406
29.4989	1	0	2	-117.181
29.5219	3	0	3	-75.406
29.5789	1	0	2	-117.181
29.6019	3	0	3	-75.406
29.6589	1	0	2	-117.181
29.6819	3	0	3	-75.406
29.7389	1	0	2	-117.181
29.7619	3	0	3	-75.406
29.8189	1	0	2	-117.181
29.8419	3	0	3	-75.406
29.8989	1	0	2	-117.181
29.9219	3	0	3	-75.406
29.9789	1	0	2	-117.181
30.0019	3	0	3	-75.406
30.0589	1	0	2	-117.181
30.0819	3	0	3	-75.406
30.1389	1	0	2	-117.181
30.1619	3	0	3	-75.406
30.2189	1	0	2	-117.181
30.2419	3	0	3	-75.406
30.2989	1	0	2	-117.181
30.3219	3	0	3	-75.406
30.3789	1	0	2	-117.181
30.4019	3	0	3	-75.406
30.4589	1	0	2	-117.181
30.4819	3	0	3	-75.406
30.5389	1	0	2	-117.181
30.5619	3	0	3	-75.406
30.6189	1	0	2	-117.181
30.6419	3	0	3	-75.406
30.6989	1	0	2	-117.181
30.7219	3	0	3	-75.406
30.7789	1	0	2	-117.181
30.8019	3	0	3	-75.406
30.8589	1	0	2	-117.181
30.8819	3	0	3	-75.406
30.9389	1	0	2	-117.181
30.9619	3	0	3	-75.406
31.0189	1	0	2	-117.181
31.0419	3	0	3	-75.406
31.0989	1	0	2	-117.181
31.1219	3	0	3	-75.406
31.1789	1	0	2	-117.181
31.2019	3	0	3	-75.406
31.2589	1	0	2	-117.181
31.2819	3	0	3	-75.406
31.3389	1	0	2	-117.181
31.3619	3	0	3	-75.406
31.4189	1	0	2	-117.181
31.4419	3	0	3	-75.406
31.4989	1	0	2	-117.181
31.5219	3	0	3	-75.406
31.5789	1	0	2	-117.181
31.6019	3	0	3	-75.406
31.6589	1	0	2	-117.181
31.6819	3	0	3	-75.406
31.7389	1	0	2	-117.181
31.7619	3	0	3	-75.406
31.8189	1	0	2	-117.181
31.8419	3	0	3	-75.406
31.8989	1	0	2	-117.181
31.9219	3	0	3	-75.406
31.9789	1	0	2	-117.181
32.0019	3	0	3	-75.406
32.0589	1	0	2	-117.181
32.0819	3	0	3	-75.406
32.1389	1	0	2	-117.181
32.1619	3	0	3	-75.406
32.2189	1	0	2	-117.181
32.2419	3	0	3	-75.406
32.2989	1	0	2	-117.181
32.3219	3	0	3	-75.406
32.3789	1	0	2	-117.181
32.4019	3	0	3	-75.406
32.4589	1	0	2	-117.181
32.4819	3	0	3	-75.406
32.5389	1	0	2	-117.181
32.5619	3	0	3	-75.406
32.6189	1	0	2	-117.181
32.6419	3	0	3	-75.406
32.6989	1	0	2	-117.181
32.7219	3	0	3	-75.406
32.7789	1	0	2	-117.181
32.8019	3	0	3	-75.406
32.8589	1	0	2	-117.181
32.8819	3	0	3	-75.406
32.9389	1	0	2	-117.181
32.9619	3	0	3	-75.406
33.0189	1	0	2	-117.181
33.0419	3	0	3	-75.406
33.0989	1	0	2	-117.181
33.1219	3	0	3	-75.406
33.1789	1	0	2	-117.181
33.2019	3	0	3	-75.406
33.2589	1	0	2	-117.181
33.2819	3	0	3	-75.406
33.3389	1	0	2	-117.181
33.3619	3	0	3	-75.406
33.4189	1	0	2	-117.181
33.4419	3	0	3	-75.406
33.4989	1	0	2	-117.181
33.5219	3	0	3	-75.406
33.5789	1	0	2	-117.181
33.6019	3	0	3	-75.406
33.6589	1	0	2	-117.181
33.6819	3	0	3	-75.406
33.7389	1	0	2	-117.181
33.7619	3	0	3	-75.406
33.8189	1	0	2	-117.181
33.8419	3	0	3	-75.406
33.8989	1	0	2	-117.181
33.9219	3	0	3	-75.406
33.9789	1	0	2	-117.181
34.0019	3	0	3	-75.406
34.0589	1	0	2	-117.181
34.0819	3	0	3	-75.406
34.1389	1	0	2	-117.181
34.1619	3	0	3	-75.406
34.2189	1	0	2	-117.181
34.2419	3	0	3	-75.406
34.2989	1	0	2	-117.181
34.3219	3	0	3	-75.406
34.3789	1	0	2	-117.181
34.4019	3	0	3	-75.406
34.4589	1	0	2	-117.181
34.4819	3	0	3	-75.406
34.5389	1	0	2	-117.181
34.5619	3	0	3	-75.406
34.6189	1	0	2	-117.181
34.6419	3	0	3	-75.406
34.6989	1	0	2	-117.181
34.7219	3	0	3	-75.406
34.7789	1	0	2	-117.181
34.8019	3	0	3	-75.406
34.8589	1	0	2	-117.181
34.8819	3	0	3	-75.406
34.9389	1	0	2	-117.181
34.9619	3	0	3	-75.406
35.0189	1	0	2	-117.181
35.0419	3	0	3	-75.406
35.0989	1	0	2	-117.181
35.1219	3	0	3	-75.406
35.1789	1	0	2	-117.181
35.2019	3	0	3	-75.406
35.2589	1	0	2	-117.181
35.2819	3	0	3	-75.406
35.3389	1	0	2	-117.181
35.3619	3	0	3	-75.406
35.4189	1	0	2	-117.181
35.4419	3	0	3	-75.406
35.4989	1	0	2	-117.181
35.5219	3	0	3	-75.406
35.5789	1	0	2	-117.181
35.6019	3	0	3	-75.406
35.6589	1	0	2	-117.181
35.6819	3	0	3	-75.406
35.7389	1	0	2	-117.181
35.7619	3	0	3	-75.406
35.8189	1	0	2	-117.181
35.8419	3	0	3	-75.406
35.8989	1	0	2	-117.181
35.9219	3	0	3	-75.406
35.9789	1	0	2	-117.181
36.0019	3	0	3	-75.406
36.0589	1	0	2	-117.181
36.0819	3	0	3	-75.406
36.1389	1	0	2	-117.181
36.1619	3	0	3	-75.406
36.2189	1	0	2	-117.181
36.2419	3	0	3	-75.406
36.2989	1	0	2	-117.181
36.3219	3	0	3	-75.406
36.3789	1	0	2	-117.181
36.4019	3	0	3	-75.406
36.4589	1	0	2	-117.181
36.4819	3	0	3	-75.406
36.5389	1	0	2	-117.181
36.5619	3	0	3	-75.406
36.6189	1	0	2	-117.181
36.6419	3	0	3	-75.406
36.6989	1	0	2	-117.181
36.7219	3	0	3	-75.406
36.7789	1	0	2	-117.181
36.8019	3	0	3	-75.406
36.8589	1	0	2	-117.181
36.8819	3	0	3	-75.406
36.9389	1	0	2	-117.181
36.9619	3	0	3	-75.406
37.0189	1	0	2	-117.181
37.0419	3	0	3	-75.406
37.0989	1	0	2	-117.181
37.1219	3	0	3	-75.406
37.1789	1	0	2	-117.181
37.2019	3	0	3	-75.406
37.2589	1	0	2	-117.181
37.2819	3	0	3	-75.406
37.3389	1	0	2	-117.181
37.3619	3	0	3	-75.406
37.4189	1	0	2	-117.181
37.4419	3	0	3	-75.406
37.4989	1	0	2	-117.181
37.5219	3	0	3	-75.406
37.5789	1	0	2	-117.181
37.6019	3	0	3	-75.406
37.6589	1	0	2	-117.181
37.6819	3	0	3	-75.406
37.7389	1	0	2	-117.181
37.7619	3	0	3	-75.406
37.8189	1	0	2	-117.181
37.8419	3	0	3	-75.406
37.8989	1	0	2	-117.181
37.9219	3	0	3	-75.406
37.9789	1	0	2	-117.181
38.0019	3	0	3	-75.406
38.0589	1	0	2	-117.181
38.0819	3	0	3	-75.406
38.1389	1	0	2	-117.181
38.1619	3	0	3	-75.406
38.2189	1	0	2	-117.181
38.2419	3	0	3	-75.406
38.2989	1	0	2	-117.181
38.3219	3	0	3	-75.406
38.3789	1	0	2	-117.181
38.4019	3	0	3	-75.406
38.4589	1	0	2	-117.181
38.4819	3	0	3	-75.406
38.5389	1	0	2	-117.181
38.5619	3	0	3	-75.406
38.6189	1	0	2	-117.181
38.6419	3	0	3	-75.406
38.6989	1	0	2	-117.181
38.7219	3	0	3	-75.406
38.7789	1	0	2	-117.181
38.8019	3	0	3	-75.406
38.8589	1	0	2	-117.181
38.8819	3	0	3	-75.406
38.9389	1	0	2	-117.181
38.9619	3	0	3	-75.406
39.0189	1	0	2	-117.181
39.0419	3	0	3	-75.406
39.0989	1	0	2	-117.181
39.1219	3	0	3	-75.406
39.1789	1	0	2	-117.181
39.2019	3	0	3	-75.406
39.2589	1	0	2	-117.181
39.2819	3	0	3	-75.406
39.3389	1	0	2	-117.181
39.3619	3	0	3	-75.406
39.4189	1	0	2	-117.181
39.4419	3	0	3	-75.406
39.4989	1	0	2	-117.181
39.5219	3	0	3	-75.406
39.5789	1	0	2	-117.181
39.6019	3	0	3	-75.406
39.6589	1	0	2	-117.181
39.6819	3	0	3	-75.406
39.7389	1	0	2	-117.181
39.7619	3	0	3	-75.406
39.8189	1	0	2	-117.181
39.8419	3	0	3	-75.406
39.8989	1	0	2	-117.181
39.9219	3	0	3	-75.406
39.9789	1	0	2	-117.181
40.0019	3	0	3	-75.406
40.0589	1	0	2	-117.181
40.0819	3	0	3	-75.406
40.1389	1	0	2	-117.181
40.1619	3	0	3	-75.406
40.2189	1	0	2	-117.181
40.2419	3	0	3	-75.406
40.2989	1	0	2	-117.181
40.3219	3	0	3	-75.406
40.3789	1	0	2	-117.181
40.4019	3	0	3	-75.406
40.4589	1	0	2	-117.181
40.4819	3	0	3	-75.406
40.5389	1	0	2	-117.181
40.5619	3	0	3	-75.406
40.6189	1	0	2	-117.181
40.6419	3	0	3	-75.406
40.6989	1	0	2	-117.181
40.7219	3	0	3	-75.406
40.7789	1	0	2	-117.181
40.8019	3	0	3	-75.406
40.8589	1	0	2	-117.181
40.8819	3	0	3	-75.406
40.9389	1	0	2	-117.181
40.9619	3	0	3	-75.406
41.0189	1	0	2	-117.181
41.0419	3	0	3	-75.406
41.0989	1	0	2	-117.181
41.1219	3	0	3	-75.406
41.1789	1	0	2	-117.181
41.2019	3	0	3	-75.406
41.2589	1	0	2	-117.181
41.2819	3	0	3	-75.406
41.3389	1	0	2	-117.181
41.3619	3	0	3	-75.406
41.4189	1	0	2	-117.181
41.4419	3	0	3	-75.406
41.4989	1	0	2	-117.181
41.5219	3	0	3	-75.406
41.5789	1	0	2	-117.181
41.6019	3	0	3	-75.406
41.6589	1	0	2	-117.181
41.6819	3	0	3	-75.406
41.7389	1	0	2	-117.181
41.7619	3	0	3	-75.406
41.8189	1	0	2	-117.181
41.8419	3	0	3	-75.406
41.8989	1	0	2	-117.181
41.9219	3	0	3	-75.406
41.9789	1	0	2	-117.181
42.0019	3	0	3	-75.406
42.0589	1	0	2	-117.181
42.0819	3	0	3	-75.406
42.1389	1	0	2	-117.181
42.1619	3	0	3	-75.406
42.2189	1	0	2	-117.181
42.2419	3	0	3	-75.406
42.2989	1	0	2	-117.181
42.3219	3	0	3	-75.406
42.3789	1	0	2	-117.181
42.4019	3	0	3	-75.406
42.4589	1	0	2	-117.181
42.4819	3	0	3	-75.406
42.5389	1	0	2	-117.181
42.5619	3	0	3	-75.406
42.6189	1	0	2	-117.181
42.6419	3	0	3	-75.406
42.6989	1	0	2	-117.181
42.7219	3	0	3	-75.406
42.7789	1	0	2	-117.181
42.8019	3	0	3	-75.406
42.8589	1	0	2	-117.181
42.8819	3	0	3	-75.406
42.9389	1	0	2	-117.181
42.9619	3	0	3	-75.406
43.0189	1	0	2	-117.181
43.0419	3	0	3	-75.406
43.0989	1	0	2	-117.181
43.1219	3	0	3	-75.406
43.1789	1	0	2	-117.181
43.2019	3	0	3	-75.406
43.2589	1	0	2	-117.181
43.2819	3	0	3	-75.406
43.3389	1	0	2	-117.181
43.3619	3	0	3	-75.406
43.4189	1	0	2	-117.181
43.4419	3	0	3	-75.406
43.4989	1	0	2	-117.181
43.5219	3	0	3	-75.406
43.5789	1	0	2	-117.181
43.6019	3	0	3	-75.406
43.6589	1	0	2	-117.181
43.6819	3	0	3	-75.406
43.7389	1	0	2	-117.181
43.7619	3	0	3	-75.406
43.8189	1	0	2	-117.181
43.8419	3	0	3	-75.406
43.8989	1	0	2	-117.181
43.9219	3	0	3	-75.406
43.9789	1	0	2	-117.181
44.0019	3	0	3	-75.406
44.0589	1	0	2	-117.181
44.0819	3	0	3	-75.406
44.1389	1	0	2	-117.181
44.1619	3	0	3	-75.406
44.2189	1	0	2	-117.181
44.2419	3	0	3	-75.406
44.2989	1	0	2	-117.181
44.3219	3	0	3	-75.406
44.3789	1	0	2	-117.181
44.4019	3	0	3	-75.406
44.4589	1	0	2	-117.181
44.4819	3	0	3	-75.406
44.5389	1	0	2	-117.181
44.5619	3	0	3	-75.406
44.6189	1	0	2	-117.181
44.6419	3	0	3	-75.406
44.6989	1	0	2	-117.181
44.7219	3	0	3	-75.406
44.7789	1	0	2	-117.181
44.8019	3	0	3	-75.406
44.8589	1	0	2	-117.181
44.8819	3	0	3	-75.406
44.9389	1	0	2	-117.181
44.9619	3	0	3	-75.406
45.0189	1	0	2	-117.181
45.0419	3	0	3	-75.406
45.0989	1	0	2	-117.181
45.1219	3	0	3	-75.406
45.1789	1	0	2	-117.181
45.2019	3	0	3	-75.406
45.2589	1	0	2	-117.181
45.2819	3	0	3	-75.406
45.3389	1	0	2	-117.181
45.3619	3	0	3	-75.406
45.4189	1	0	2	-117.181
45.4419	3	0	3	-75.406
45.4989	1	0	2	-117.181
45.5219	3	0	3	-75.406
45.5789	1	0	2	-117.181
45.6019	3	0	3	-75.406
45.6589	1	0	2	-117.181
45.6819	3	0	3	-75.406
45.7389	1	0	2	-117.181
45.7619	3	0	3	-75.406
45.8189	1	0	2	-117.181
45.8419	3	0	3	-75.406
45.8989	1	0	2	-117.181
45.9219	3	0	3	-75.406
45.9789	1	0	2	-117.181
46.0019	3	0	3	-75.406
46.0589	1	0	2	-117.181
46.0819	3	0	3	-75.406
46.1389	1	0	2	-117.181
46.1619	3	0	3	-75.406
46.2189	1	0	2	-117.181
46.2419	3	0	3	-75.406
46.2989	1	0	2	-117.181
46.3219	3	0	3	-75.406
46.3789	1	0	2	-117.181
46.4019	3	0	3	-75.406
46.4589	1	0	2	-117.181
46.4819	3	0	3	-75.406
46.5389	1	0	2	-117.181
46.5619	3	0	3	-75.406
46.6189	1	0	2	-117.181
46.6419	3	0	3	-75.406
46.6989	1	0	2	-117.181
46.7219	3	0	3	-75.406
46.7789	1	0	2	-117.181
46.8019	3	0	3	-75.406
46.8589	1	0	2	-117.181
46.8819	3	0	3	-75.406
46.9389	1	0	2	-117.181
46.9619	3	0	3	-75.406
47.0189	1	0	2	-117.181
47.0419	3	0	3	-75.406
47.0989	1	0	2	-117.181
47.1219	3	0	3	-75.406
47.1789	1	0	2	-117.181
47.2019	3	0	3	-75.406
47.2589	1	0	2	-117.181
47.2819	3	0	3	-75.406
47.3389	1	0	2	-117.181
47.3619	3	0	3	-75.406
47.4189	1	0	2	-117.181
47.4419	3	0	3	-75.406
47.4989	1	0	2	-117.181
47.5219	3	0	3	-75.406
47.5789	1	0	2	-117.181
47.6019	3	0	3	-75.406
47.6589	1	0	2	-117.181
47.6819	3	0	3	-75.406
47.7389	1	0	2	-117.181
47.7619	3	0	3	-75.406
47.8189	1	0	2	-117.181
47.8419	3	0	3	-75.406
47.8989	1	0	2	-117.181
47.9219	3	0	3	-75.406
47.9789	1	0	2	-117.181
48.0019	3	0	3	-75.406
48.0589	1	0	2	-117.181
48.0819	3	0	3	-75.406
48.1389	1	0	2	-117.181
48.1619	3	0	3	-75.406
48.2189	1	0	2	-117.181
48.2419	3	0	3	-75.406
48.2989	1	0	2	-117.181
48.3219	3	0	3	-75.406
48.3789	1	0	2	-117.181
48.4019	3	0	3	-75.406
48.4589	1	0	2	-117.181
48.4819	3	0	3	-75.406
48.5389	1	0	2	-117.181
48.5619	3	0	3	-75.406
48.6189	1	0	2	-117.181
48.6419	3	0	3	-75.406
48.6989	1	0	2	-117.181
48.7219	3	0	3	-75.406
48.7789	1	0	2	-117.181
48.8019	3	0	3	-75.406
48.8589	1	0	2	-117.181
48.8819	3	0	3	-75.406
48.9389	1	0	2	-117.181
48.9619	3	0	3	-75.406
49.0189	1	0	2	-117.181
49.0419	3	0	3	-75.406
49.0989	1	0	2	-117.181
49.1219	3	0	3	-75.406
49.1789	1	0	2	-117.181
49.2019	3	0	3	-75.406
49.2589	1	0	2	-117.181
49.2819	3	0	3	-75.406
49.3389	1	0	2	-117.181
49.3619	3	0	3	-75.406
49.4189	1	0	2	-117.181
49.4419	3	0	3	-75.406
49.4989	1	0	2	-117.181
49.5219	3	0	3	-75.406
49.5789	1	0	2	-117.181
49.6019	3	0	3	-75.406
49.6589	1	0	2	-117.181
49.6819	3	0	3	-75.406
49.7389	1	0	2	-117.181
49.7619	3	0	3	-75.406
49.8189	1	0	2	-117.181
49.8419	3	0	3	-75.406
49.8989	1	0	2	-117.181
49.9219	3	0	3	-75.406
49.9789	1	0	2	-117.181
50.0019	3	0	3	-75.406
50.0589	1	0	2	-117.181
50.0819	3	0	3	-75.406
50.1389	1	0	2	-117.181
50.1619	3	0	3	-75.406
50.2189	1	0	2	-117.181
50.2419	3	0	3	-75.406
50.2989	1	0	2	-117.181
50.3219	3	0	3	-75.406
50.3789	1	0	2	-117.181
50.4019	3	0	3	-75.406
50.4589	1	0	2	-117.181
50.4819	3	0	3	-75.406
50.5389	1	0	2	-117.181
50.5619	3	0	3	-75.406
50.6189	1	0	2	-117.181
50.6419	3	0	3	-75.406
50.6989	1	0	2	-117.181
50.7219	3	0	3	-75.406
50.7789	1	0	2	-117.181
50.8019	3	0	3	-75.406
50.8589	1	0	2	-117.181
50.8819	3	0	3	-75.406
50.9389	1	0	2	-117.181
50.9619	3	0	3	-75.406
51.0189	1	0	2	-117.181
51.0419	3	0	3	-75.406
51.0989	1	0	2	-117.181
51.1219	3	0	3	-75.406
51.1789	1	0	2	-117.181
51.2019	3	0	3	-75.406
51.2589	1	0	2	-117.181
51.2819	3	0	3	-75.406
51.3389	1	0	2	-117.181
51.3619	3	0	3	-75.406
51.4189	1	0	2	-117.181
51.4419	3	0	3	-75.406
51.4989	1	0	2	-117.181
51.5219	3	0	3	-75.406
51.5789	1	0	2	-117.181
51.6019	3	0	3	-75.406
51.6589	1	0	2	-117.181
51.6819	3	0	3	-75.406
51.7389	1	0	2	-117.181
51.7619	3	0	3	-75.406
51.8189	1	0	2	-117.181
51.8419	3	0	3	-75.406
51.8989	1	0	2	-117.181
51.9219	3	0	3	-75.406
51.9789	1	0	2	-117.181
52.0019	3	0	3	-75.406
52.0589	1	0	2	-117.181
52.0819	3	0	3	-75.406
52.1389	1	0	2	-117.181
52.1619	3	0	3	-75.406
52.2189	1	0	2	-117.181
52.2419	3	0	3	-75.406
52.2989	1	0	2	-117.181
52.3219	3	0	3	-75.406
52.3789	1	0	2	-117.181
52.4019	3	0	3	-75.406
52.4589	1	0	2	-117.181
52.4819	3	0	3	-75.406
52.5389	1	0	2	-117.181
52.5619	3	0	3	-75.406
52.6189	1	0	2	-117.181
52.6419	3	0	3	-75.406
52.6989	1	0	2	-117.181
52.7219	3	0	3	-75.406
52.7789	1	0	2	-117.181
52.8019	3	0	3	-75.406
52.8589	1	0	2	-117.181
52.8819	3	0	3	-75.406
52.9389	1	0	2	-117.181
52.9619	3	0	3	-75.406
53.0189	1	0	2	-117.181
53.0419	3	0	3	-75.406
53.0989	1	0	2	-117.181
53.1219	3	0	3	-75.406
53.1789	1	0	2	-117.181
53.2019	3	0	3	-75.406
53.2589	1	0	2	-117.181
53.2819	3	0	3	-75.406
53.3389	1	0	2	-117.181
53.3619	3	0	3	-75.406
53.4189	1	0	2	-117.181
53.4419	3	0	3	-75.406
53.4989	1	0	2	-117.181
53.5219	3	0	3	-75.406
53.5789	1	0	2	-117.181
53.6019	3	0	3	-75.406
53.6589	1	0	2	-117.181
53.6819	3	0	3	-75.406
53.7389	1	0	2	-117.181
53.7619	3	0	3	-75.406
53.8189	1	0	2	-117.181
53.8419	3	0	3	-75.406
53.8989	1	0	2	-117.181
53.9219	3	0	3	-75.406
53.9789	1	0	2	-117.181
54.0019	3	0	3	-75.406
54.0589	1	0	2	-117.181
54.0819	3	0	3	-75.406
54.1389	1	0	2	-117.181
54.1619	3	0	3	-75.406
54.2189	1	0	2	-117.181
54.2419	3	0	3	-75.406
54.2989	1	0	2	-117.181
54.3219	3	0	3	-75.406
54.3789	1	0	2	-117.181
54.4019	3	0	3	-75.406
54.4589	1	0	2	-117.181
54.4819	3	0	3	-75.406
54.5389	1	0	2	-117.181
54.5619	3	0	3	-75.406
54.6189	1	0	2	-117.181
54.6419	3	0	3	-75.406
54.6989	1	0	2	-117.181
54.7219	3	0	3	-75.406
54.7789	1	0	2	-117.181
54.8019	3	0	3	-75.406
54.8589	1	0	2	-117.181
54.8819	3	0	3	-75.406
54.9389	1	0	2	-117.181
54.9619	3	0	3	-75.406
55.0189	1	0	2	-117.181
55.0419	3	0	3	-75.406
55.0989	1	0	2	-117.181
55.1219	3	0	3	-75.406
55.1789	1	0	2	-117.181
55.2019	3	0	3	-75.406
55.2589	1	0	2	-117.181
55.2819	3	0	3	-75.406
55.3389	1	0	2	-117.181
55.3619	3	0	3	-75.406
55.4189	1	0	2	-117.181
55.4419	3	0	3	-75.406
55.4989	1	0	2	-117.181
55.5219	3	0	3	-75.406
55.5789	1	0	2	-117.181
55.6019	3	0	3	-75.406
55.6589	1	0	2	-117.181
55.6819	3	0	3	-75.406
55.7389	1	0	2	-117.181
55.7619	3	0	3	-75.406
55.8189	1	0	2	-117.181
55.8419	3	0	3	-75.406
55.8989	1	0	2	-117.181
55.9219	3	0	3	-75.406
55.9789	1	0	2	-117.181
56.0019	3	0	3	-75.406
56.0589	1	0	2	-117.181
56.0819	3	0	3	-75.406
56.1389	1	0	2	-117.181
56.1619	3	0	3	-75.406
56.2189	1	0	2	-117.181
56.2419	3	0	3	-75.406
56.2989	1	0	2	-117.181
56.3219	3	0	3	-75.406
56.3789	1	0	2	-117.181
56.4019	3	0	3	-75.406
56.4589	1	0	2	-117.181
56.4819	3	0	3	-75.406
56.5389	1	0	2	-117.181
56.5619	3	0	3	-75.406
56.6189	1	0	2	-117.181
56.6419	3	0	3	-75.406
56.6989	1	0	2	-117.181
56.7219	3	0	3	-75.406
56.7789	1	0	2	-117.181
56.8019	3	0	3	-75.406
56.8589	1	0	2	-117.181
56.8819	3	0	3	-75.406
56.9389	1	0	2	-117.181
56.9619	3	0	3	-75.406
57.0189	1	0	2	-117.181
57.0419	3	0	3	-75.406
57.0989	1	0	2	-117.181
57.1219	3	0	3	-75.406
57.1789	1	0	2	-117.181
57.2019	3	0	3	-75.406
57.2589	1	0	2	-117.181
57.2819	3	0	3	-75.406
57.3389	1	0	2	-117.181
57.3619	3	0	3	-75.406
57.4189	1	0	2	-117.181
57.4419	3	0	3	-75.406
57.4989	1	0	2	-117.181
57.5219	3	0	3	-75.406
57.5789	1	0	2	-117.181
57.6019	3	0	3	-75.406
57.6589	1	0	2	-117.181
57.6819	3	0	3	-75.406
57.7389	1	0	2	-117.181
57.7619	3	0	3	-75.406
57.8189	1	0	2	-117.181
57.8419	3	0	3	-75.406
57.8989	1	0	2	-117.181
57.9219	3	0	3	-75.406
57.9789	1	0	2	-117.181
58.0019	3	0	3	-75.406
58.0589	1	0	2	-117.181
58.0819	3	0	3	-75.406
58.1389	1	0	2	-117.181
58.1619	3	0	3	-75.406
58.2189	1	0	2	-117.181
58.2419	3	0	3	-75.406
58.2989	1	0	2	-117.181
58.3219	3	0	3	-75.406
58.3789	1	0	2	-117.181
58.4019	3	0	3	-75.406
58.4589	1	0	2	-117.181
58.4819	3	0	3	-75.406
58.5389	1	0	2	-117.181
58.5619	3	0	3	-75.406
58.6189	1	0	2	-117.181
58.6419	3	0	3	-75.406
58.6989	1	0	2	-117.181
58.7219	3	0	3	-75.406
58.7789	1	0	2	-117.181
58.8019	3	0	3	-75.406
58.8589	1	0	2	-117.181
58.8819	3	0	3	-75.406
58.9389	1	0	2	-117.181
58.9619	3	0	3	-75.406
59.0189	1	0	2	-117.181
59.0419	3	0	3	-75.406
59.0989	1	0	2	-117.181
59.1219	3	0	3	-75.406
59.1789	1	0	2	-117.181
59.2019	3	0	3	-75.406
59.2589	1	0	2	-117.181
59.2819	3	0	3	-75.406
59.3389	1	0	2	-117.181
59.3619	3	0	3	-75.406
59.4189	1	0	2	-117.181
59.4419	3	0	3	-75.406
59.4989	1	0	2	-117.181
59.5219	3	0	3	-75.406
59.5789	1	0	2	-117.181
59.6019	3	0	3	-75.406
59.6589	1	0	2	-117.181
59.6819	3	0	3	-75.406
59.7389	1	0	2	-117.181
59.7619	3	0	3	-75.406
59.8189	1	0	2	-117.181
59.8419	3	0	3	-75.406
59.8989	1	0	2	-117.181
59.9219	3	0	3	-75.406
59.9789	1	0	2	-117.181
60.0019	3	0	3	-75.406
60.0589	1	0	2	-117.181
60.0819	3	0	3	-75.406
60.1389	1	0	2	-117.181
60.1619	3	0	3	-75.406
60.2189	1	0	2	-117.181
60.2419	3	0	3	-75.406
60.2989	1	0	2	-117.181
60.3219	3	0	3	-75.406
60.3789	1	0	2	-117.181
60.4019	3	0	3	-75.406
60.4589	1	0	2	-117.181
60.4819	3	0	3	-75.406
60.5389	1	0	2	-117.181
60.5619	3	0	3	-75.406
60.6189	1	0	2	-117.181
60.6419	3	0	3	-75.406
60.6989	1	0	2	-117.181
60.7219	3	0	3	-75.406
60.7789	1	0	2	-117.181
60.8019	3	0	3	-75.406
60.8589	1	0	2	-117.181
60.8819	3	0	3	-75.406
60.9389	1	0	2	-117.181
60.9619	3	0	3	-75.406
61.0189	1	0	2	-117.181
61.0419	3	0	3	-75.406
61.0989	1	0	2	-117.181
61.1219	3	0	3	-75.406
61.1789	1	0	2	-117.181
61.2019	3	0	3	-75.406
61.2589	1	0	2	-117.181
61.2819	3	0	3	-75.406
61.3389	1	0	2	-117.181
61.3619	3	0	3	-75.406
61.4189	1	0	2	-117.181
61.4419	3	0	3	-75.406
61.4989	1	0	2	-117.181
61.5219	3	0	3	-75.406
61.5789	1	0	2	-117.181
61.6019	3	0	3	-75.406
61.6589	1	0	2	-117.181
61.6819	3	0	3	-75.406
61.7389	1	0	2	-117.181
61.7619	3	0	3	-75.406
61.8189	1	0	2	-117.181
61.8419	3	0	3	-75.406
61.8989	1	0	2	-117.181
61.9219	3	0	3	-75.406
61.9789	1	0	2	-117.181
62.0019	3	0	3	-75.406
62.0589	1	0	2	-117.181
62.0819	3	0	3	-75.406
62.1389	1	0	2	-117.181
62.1619	3	0	3	-75.406
62.2189	1	0	2	-117.181
62.2419	3	0	3	-75.406
62.2989	1	0	2	-117.181
62.3219	3	0	3	-75.406
62.3789	1	0	2	-117.181
62.4019	3	0	3	-75.406
62.4589	1	0	2	-117.181
62.4819	3	0	3	-75.406
62.5389	1	0	2	-117.181
62.5619	3	0	3	-75.406
62.6189	1	0	2	-117.181
62.6419	3	0	3	-75.406
62.6989	1	0	2	-117.181
62.7219	3	0	3	-75.406
62.7789	1	0	2	-117.181
62.8019	3	0	3	-75.406
62.8589	1	0	2	-117.181
62.8819	3	0	3	-75.406
62.9389	1	0	2	-117.181
62.9619	3	0	3	-75.406
63.0189	1	0	2	-117.181
63.0419	3	0	3	-75.406
63.0989	1	0	2	-117.181
63.1219	3	0	3	-75.406
63.1789	1	0	2	-117.181
63.2019	3	0	3	-75.406
63.2589	1	0	2	-117.181
63.2819	3	0	3	-75.406
63.3389	1	0	2	-117.181
63.3619	3	0	3	-75.406
63.4189	1	0	2	-117.181
63.4419	3	0	3	-75.406
63.4989	1	0	2	-117.181
63.5219	3	0	3	-75.406
63.5789	1	0	2	-117.181
63.6019	3	0	3	-75.406
63.6589	1	0	2	-117.181
63.6819	3	0	3	-75.406
63.7389	1	0	2	-117.181
63.7619	3	0	3	-75.406
63.8189	1	0	2	-117.181
63.8419	3	0	3	-75.406
63.8989	1	0	2	-117.181
63.9219	3	0	3	-75.406
63.9789	1	0	2	-117.181
64.0019	3	0	3	-75.406
64.0589	1	0	2	-117.181
64.0819	3	0	3	-75.406
64.1389	1	0	2	-117.181
64.1619	3	0	3	-75.406
64.2189	1	0	2	-117.181
64.2419	3	0	3	-75.406
64.2989	1	0	2	-117.181
64.3219	3	0	3	-75.406
64.3789	1	0	2	-117.181
64.4019	3	0	3	-75.406
64.4589	1	0	2	-117.181
64.4819	3	0	3	-75.406
64.5389	1	0	2	-117.181
64.5619	3	0	3	-75.406
64.6189	1	0	2	-117.181
64.6419	3	0	3	-75.406
64.6989	1	0	2	-117.181
64.7219	3	0	3	-75.406
64.7789	1	0	2	-117.181
64.8019	3	0	3	-75.406
64.8589	1	0	2	-117.181
64.8819	3	0	3	-75.406
64.9389	1	0	2	-117.181
64.9619	3	0	3	-75.406
65.0189	1	0	2	-117.181
65.0419	3	0	3	-75.406
65.0989	1	0	2	-117.181
65.1219	3	0	3	-75.406
65.1789	1	0	2	-117.181
65.2019	3	0	3	-75.406
65.2589	1	0	2	-117.181
65.2819	3	0	3	-75.406
65.3389	1	0	2	-117.181
65.3619	3	0	3	-75.406
65.4189	1	0	2	-117.181
65.4419	3	0	3	-75.406
65.4989	1	0	2	-117.181
65.5219	3	0	3	-75.406
65.5789	1	0	2	-117.181
65.6019	3	0	3	-75.406
65.6589	1	0	2	-117.181
65.6819	3	0	3	-75.406
65.7389	1	0	2	-117.181
65.7619	3	0	3	-75.406
65.8189	1	0	2	-117.181
65.8419	3	0	3	-75.406
65.8989	1	0	2	-117.181
65.9219	3	0	3	-75.406
65.9789	1	0	2	-117.181
66.0019	3	0	3	-75.406
66.0589	1	0	2	-117.181
66.0819	3	0	3	-75.406
66.1389	1	0	2	-117.181
66.1619	3	0	3	-75.406
66.2189	1	0	2	-117.181
66.2419	3	0	3	-75.406
66.2989	1	0	2	-117.181
66.3219	3	0	3	-75.406
66.3789	1	0	2	-117.181
66.4019	3	0	3	-75.406
66.4589	1	0	2	-117.181
66.4819	3	0	3	-75.406
66.5389	1	0	2	-117.181
66.5619	3	0	3	-75.406
66.6189	1	0	2	-117.181
66.6419	3	0	3	-75.406
66.6989	1	0	2	-117.181
66.7219	3	0	3	-75.406
66.7789	1	0	2	-117.181
66.8019	3	0	3	-75.406
66.8589	1	0	2	-117.181
66.8819	3	0	3	-75.406
66.9389	1	0	2	-117.181
66.9619	3	0	3	-75.406
67.0189	1	0	2	-117.181
67.0419	3	0	3	-75.406
67.0989	1	0	2	-117.181
67.1219	3	0	3	-75.406
67.1789	1	0	2	-117.181
67.2019	3	0	3	-75.406
67.2589	1	0	2	-117.181
67.2819	3	0	3	-75.406
67.3389	1	0	2	-117.181
67.3619	3	0	3	-75.406
67.4189	1	0	2	-117.181
67.4419	3	0	3	-75.406
67.4989	1	0	2	-117.181
67.5219	3	0	3	-75.406
67.5789	1	0	2	-117.181
67.6019	3	0	3	-75.406
67.6589	1	0	2	-117.181
67.6819	3	0	3	-75.406
67.7389	1	0	2	-117.181
67.7619	3	0	3	-75.406
67.8189	1	0	2	-117.181
67.8419	3	0	3	-75.406
67.8989	1	0	2	-117.181
67.9219	3	0	3	-75.406
67.9789	1	0	2	-117.181
68.0019	3	0	3	-75.406
68.0589	1	0	2	-117.181
68.0819	3	0	3	-75.406
68.1389	1	0	2	-117.181
68.1619	3	0	3	-75.406
68.2189	1	0	2	-117.181
68.2419	3	0	3	-75.406
68.2989	1	0	2	-117.181
68.3219	3	0	3	-75.406
68.3789	1	0	2	-117.181
68.4019	3	0	3	-75.406
68.4589	1	0	2	-117.181
68.4819	3	0	3	-75.406
68.5389	1	0	2	-117.181
68.5619	3	0	3	-75.406
68.6189	1	0	2	-117.181
68.6419	3	0	3	-75.406
68.6989	1	0	2	-117.181
68.7219	3	0	3	-75.406
68.7789	1	0	2	-117.181
68.8019	3	0	3	-75.406
68.8589	1	0	2	-117.181
68.8819	3	0	3	-75.406
68.9389	1	0	2	-117.181
68.9619	3	0	3	-75.406
69.0189	1	0	2	-117.181
69.0419	3	0	3	-75.406
69.0989	1	0	2	-117.181
69.1219	3	0	3	-75.406
69.1789	1	0	2	-117.181
69.2019	3	0	3	-75.406
69.2589	1	0	2	-117.181
69.2819	3	0	3	-75.406
69.3389	1	0	2	-117.181
69.3619	3	0	3	-75.406
69.4189	1	0	2	-117.181
69.4419	3	0	3	-75.406
69.4989	1	0	2	-117.181
69.5219	3	0	3	-75.406
69.5789	1	0	2	-117.181
69.6019	3	0	3	-75.406
69.6589	1	0	2	-117.181
69.6819	3	0	3	-75.406
69.7389	1	0	2	-117.181
69.7619	3	0	3	-75.406
69.8189	1	0	2	-117.181
69.8419	3	0	3	-75.406
69.8989	1	0	2	-117.181
69.9219	3	0	3	-75.406
69.9789	1	0	2	-117.181
70.0019	3	0	3	-75.406
70.0589	1	0	2	-117.181
70.0819	3	0	3	-75.406
70.1389	1	0	2	-117.181
70.1619	3	0	3	-75.406
70.2189	1	0	2	-117.181
70.2419	3	0	3	-75.406
70.2989	1	0	2	-117.181
70.3219	3	0	3	-75.406
70.3789	1	0	2	-117.181
70.4019	3	0	3	-75.406
70.4589	1	0	2	-117.181
70.4819	3	0	3	-75.406
70.5389	1	0	2	-117.181
70.5619	3	0	3	-75.406
70.6189	1	0	2	-117.181
70.6419	3	0	3	-75.406
70.6989	1	0	2	-117.181
70.7219	3	0	3	-75.406
70.7789	1	0	2	-117.181
70.8019	3	0	3	-75.406
70.8589	1	0	2	-117.181
70.8819	3	0	3	-75.406
70.9389	1	0	2	-117.181
70.9619	3	0	3	-75.406
71.0189	1	0	2	-117.181
71.0419	3	0	3	-75.406
71.0989	1	0	2	-117.181
71.1219	3	0	3	-75.406
71.1789	1	0	2	-117.181
71.2019	3	0	3	-75.406
71.2589	1	0	2	-117.181
71.2819	3	0	3	-75.406
71.3389	1	0	2	-117.181
71.3619	3	0	3	-75.406
71.4189	1	0	2	-117.181
71.4419	3	0	3	-75.406
71.4989	1	0	2	-117.181
71.5219	3	0	3	-75.406
71.5789	1	0	2	-117.181
71.6019	3	0	3	-75.406
71.6589	1	0	2	-117.181
71.6819	3	0	3	-75.406
71.7389	1	0	2	-117.181
71.7619	3	0	3	-75.406
71.8189	1	0	2	-117.181
71.8419	3	0	3	-75.406
71.8989	1	0	2	-117.181
71.9219	3	0	3	-75.406
71.9789	1	0	2	-117.181
72.0019	3	0	3	-75.406
72.0589	1	0	2	-117.181
72.0819	3	0	3	-75.406
72.1389	1	0	2	-117.181
72.1619	3	0	3	-75.406
72.2189	1	0	2	-117.181
72.2419	3	0	3	-75.406
72.2989	1	0	2	-117.181
72.3219	3	0	3	-75.406
72.3789	1	0	2	-117.181
72.4019	3	0	3	-75.406
72.4589	1	0	2	-117.181
72.4819	3	0	3	-75.406
72.5389	1	0	2	-117.181
72.5619	3	0	3	-75.406
72.6189	1	0	2	-117.181
72.6419	3	0	3	-75.406
72.6989	1	0	2	-117.181
72.7219	3	0	3	-75.406
72.7789	1	0	2	-117.181
72.8019	3	0	3	-75.406
72.8589	1	0	2	-117.181
72.8819	3	0	3	-75.406
72.9389	1	0	2	-117.181
72.9619	3	0	3	-75.406
73.0189	1	0	2	-117.181
73.0419	3	0	3	-75.406
73.0989	1	0	2	-117.181
73.1219	3	0	3	-75.406
73.1789	1	0	2	-117.181
73.2019	3	0	3	-75.406
73.2589	1	0	2	-117.181
73.2819	3	0	3	-75.406
73.3389	1	0	2	-117.181
73.3619	3	0	3	-75.406
73.4189	1	0	2	-117.181
73.4419	3	0	3	-75.406
73.4989	1	0	2	-117.181
73.5219	3	0	3	-75.406
73.5789	1	0	2	-117.181
73.6019	3	0	3	-75.406
73.6589	1	0	2	-117.181
73.6819	3	0	3	-75.406
73.7389	1	0	2	-117.181
73.7619	3	0	3	-75.406
73.8189	1	0	2	-117.181
73.8419	3	0	3	-75.406
73.8989	1	0	2	-117.181
73.9219	3	0	3	-75.406
73.9789	1	0	2	-117.181
74.0019	3	0	3	-75.406
74.0589	1	0	2	-117.181
74.0819	3	0	3	-75.406
74.1389	1	0	2	-117.181
74.1619	3	0	3	-75.406
74.2189	1	0	2	-117.181
74.2419	3	0	3	-75.406
74.2989	1	0	2	-117.181
74.3219	3	0	3	-75.406
74.3789	1	0	2	-117.181
74.4019	3	0	3	-75.406
74.4589	1	0	2	-117.181
74.4819	3	0	3	-75.406
74.5389	1	0	2	-117.181
74.5619	3	0	3	-75.406
74.6189	1	0	2	-117.181
74.6419	3	0	3	-75.406
74.6989	1	0	2	-117.181
74.7219	3	0	3	-75.406
74.7789	1	0	2	-117.181
74.8019	3	0	3	-75.406
74.8589	1	0	2	-117.181
74.8819	3	0	3	-75.406
74.9389	1	0	2	-117.181
74.9619	3	0	3	-75.406
75.0189	1	0	2	-117.181
75.0419	3	0	3	-75.406
75.0989	1	0	2	-117.181
75.1219	3	0	3	-75.406
75.1789	1	0	2	-117.181
75.2019	3	0	3	-75.406
75.2589	1	0	2	-117.181
75.2819	3	0	3	-75.406
75.3389	1	0	2	-117.181
75.3619	3	0	3	-75.406
75.4189	1	0	2	-117.181
75.4419	3	0	3	-75.406
75.4989	1	0	2	-117.181
75.5219	3	0	3	-75.406
75.5789	1	0	2	-117.181
75.6019	3	0	3	-75.406
75.6589	1	0	2	-117.181
75.6819	3	0	3	-75.406
75.7389	1	0	2	-117.181
75.7619	3	0	3	-75.406
75.8189	1	0	2	-117.181
75.8419	3	0	3	-75.406
75.8989	1	0	2	-117.181
75.9219	3	0	3	-75.406
75.9789	1	0	2	-117.181
76.0019	3	0	3	-75.406
76.0589	1	0	2	-117.181
76.0819	3	0	3	-75.406
76.1389	1	0	2	-117.181
76.1619	3	0	3	-75.406
76.2189	1	0	2	-117.181
76.2419	3	0	3	-75.406
76.2989	1	0	2	-117.181
76.3219	3	0	3	-75.406
76.3789	1	0	2	-117.181
76.4019	3	0	3	-75.406
76.4589	1	0	2	-117.181
76.4819	3	0	3	-75.406
76.5389	1	0	2	-117.181
76.5619	3	0	3	-75.406
76.6189	1	0	2	-117.181
76.6419	3	0	3	-75.406
76.6989	1	0	2	-117.181
76.7219	3	0	3	-75.406
76.7789	1	0	2	-117.181
76.8019	3	0	3	-75.406
76.8589	1	0	2	-117.181
76.8819	3	0	3	-75.406
76.9389	1	0	2	-117.181
76.9619	3	0	3	-75.406
77.0189	1	0	2	-117.181
77.0419	3	0	3	-75.406
77.0989	1	0	2	-117.181
77.1219	3	0	3	-75.406
77.1789	1	0	2	-117.181
77.2019	3	0	3	-75.406
77.2589	1	0	2	-117.181
77.2819	3	0	3	-75.406
77.3389	1	0	2	-117.181
77.3619	3	0	3	-75.406
77.4189	1	0	2	-117.181
77.4419	3	0	3	-75.406
77.4989	1	0	2	-117.181
77.5219	3	0	3	-75.406
77.5789	1	0	2	-117.181
77.6019	3	0	3	-75.406
77.6589	1	0	2	-117.181
77.6819	3	0	3	-75.406
77.7389	1	0	2	-117.181
77.7619	3	0	3	-75.406
77.8189	1	0	2	-117.181
77.8419	3	0	3	-75.406
77.8989	1	0	2	-117.181
77.9219	3	0	3	-75.406
77.9789	1	0	2	-117.181
78.0019	3	0	3	-75.406
78.0589	1	0	2	-117.181
78.0819	3	0	3	-75.406
78.1389	1	0	2	-117.181
78.1619	3	0	3	-75.406
78.2189	1	0	2	-117.181
78.2419	3	0	3	-75.406
78.2989	1	0	2	-117.181
78.3219	3	0	3	-75.406
78.3789	1	0	2	-117.181
78.4019	3	0	3	-75.406
78.4589	1	0	2	-117.181
78.4819	3	0	3	-75.406
78.5389	1	0	2	-117.181
78.5619	3	0	3	-75.406
78.6189	1	0	2	-117.181
78.6419	3	0	3	-75.406
78.6989	1	0	2	-117.181
78.7219	3	0	3	-75.406
78.7789	1	0	2	-117.181
78.8019	3	0	3	-75.406
78.8589	1	0	2	-117.181
78.8819	3	0	3	-75.406
78.9389	1	0	2	-117.181
78.9619	3	0	3	-75.406
79.0189	1	0	2	-117.181
79.0419	3	0	3	-75.406
79.0989	1	0	2	-117.181
79.1219	3	0	3	-75.406
79.1789	1	0	2	-117.181
79.2019	3	0	3	-75.406
79.2589	1	0	2	-117.181
79.2819	3	0	3	-75.406
79.3389	1	0	2	-117.181
79.3619	3	0	3	-75.406
79.4189	1	0	2	-117.181
79.4419	3	0	3	-75.406
79.4989	1	0	2	-117.181
79.5219	3	0	3	-75.406
79.5789	1	0	2	-117.181
79.6019	3	0	3	-75.406
79.6589	1	0	2	-117.181
79.6819	3	0	3	-75.406
79.7389	1	0	2	-117.181
79.7619	3	0	3	-75.406
79.8189	1	0	2	-117.181
79.8419	3	0	3	-75.406
79.8989	1	0	2	-117.181
79.9219	3	0	3	-75.406
79.9789	1	0	2	-117.181
80.0019	3	0	3	-75.406
80.0589	1	0	2	-117.181
80.0819	3	0	3	-75.406
80.1389	1	0	2	-117.181
80.1619	3	0	3	-75.406
80.2189	1	0	2	-117.181
80.2419	3	0	3	-75.406
80.2989	1	0	2	-117.181
80.3219	3	0	3	-75.406
80.3789	1	0	2	-117.181
80.4019	3	0	3	-75.406
80.4589	1	0	2	-117.181
80.4819	3	0	3	-75.406
80.5389	1	0	2	-117.181
80.5619	3	0	3	-75.406
80.6189	1	0	2	-117.181
80.6419	3	0	3	-75.406
80.6989	1	0	2	-117.181
80.7219	3	0	3	-75.406
80.7789	1	0	2	-117.181
80.8019	3	0	3	-75.406
80.8589	1	0	2	-117.181
80.8819	3	0	3	-75.406
80.9389	1	0	2	-117.181
80.9619	3	0	3	-75.406
81.0189	1	0	2	-117.181
81.0419	3	0	3	-75.406
81.0989	1	0	2	-117.181
81.1219	3	0	3	-75.406
81.1789	1	0	2	-117.181
81.2019	3	0	3	-75.406
81.2589	1	0	2	-117.181
81.2819	3	0	3	-75.406
81.3389	1	0	2	-117.181
81.3619	3	0	3	-75.406
81.4189	1	0	2	-117.181
81.4419	3	0	3	-75.406
81.4989	1	0	2	-117.181
81.5219	3	0	3	-75.406
81.5789	1	0	2	-117.181
81.6019	3	0	3	-75.406
81.6589	1	0	2	-117.181
81.6819	3	0	3	-75.406
81.7389	1	0	2	-117.181
81.7619	3	0	3	-75.406
81.8189	1	0	2	-117.181
81.8419	3	0	3	-75.406
81.8989	1	0	2	-117.181
81.9219	3	0	3	-75.406
81.9789	1	0	2	-117.181
82.0019	3	0	3	-75.406
82.0589	1	0	2	-117.181
82.0819	3	0	3	-75.406
82.1389	1	0	2	-117.181
82.1619	3	0	3	-75.406
82.2189	1	0	2	-117.181
82.2419	3	0	3	-75.406
82.2989	1	0	2	-117.181
82.3219	3	0	3	-75.406
82.3789	1	0	2	-117.181
82.4019	3	0	3	-75.406
82.4589	1	0	2	-117.181
82.4819	3	0	3	-75.406
82.5389	1	0	2	-117.181
82.5619	3	0	3	-75.406
82.6189	1	0	2	-117.181
82.6419	3	0	3	-75.406
82.6989	1	0	2	-117.181
82.7219	3	0	3	-75.406
82.7789	1	0	2	-117.181
82.8019	3	0	3	-75.406
82.8589	1	0	2	-117.181
82.8819	3	0	3	-75.406
82.9389	1	0	2	-117.181
82.9619	3	0	3	-75.406
83.0189	1	0	2	-117.181
83.0419	3	0	3	-75.406
83.0989	1	0	2	-117.181
83.1219	3	0	3	-75.406
83.1789	1	0	2	-117.181
83.2019	3	0	3	-75.406
83.2589	1	0	2	-117.181
83.2819	3	0	3	-75.406
83.3389	1	0	2	-117.181
83.3619	3	0	3	-75.406
83.4189	1	0	2	-117.181
83.4419	3	0	3	-75.406
83.4989	1	0	2	-117.181
83.5219	3	0	3	-75.406
83.5789	1	0	2	-117.181
83.6019	3	0	3	-75.406
83.6589	1	0	2	-117.181
83.6819	3	0	3	-75.406
83.7389	1	0	2	-117.181
83.7619	3	0	3	-75.406
83.8189	1	0	2	-117.181
83.8419	3	0	3	-75.406
83.8989	1	0	2	-117.181
83.9219	3	0	3	-75.406
83.9789	1	0	2	-117.181
84.0019	3	0	3	-75.406
84.0589	1	0	2	-117.181
84.0819	3	0	3	-75.406
84.1389	1	0	2	-117.181
84.1619	3	0	3	-75.406
84.2189	1	0	2	-117.181
84.2419	3	0	3	-75.406
84.2989	1	0	2	-117.181
84.3219	3	0	3	-75.406
84.3789	1	0	2	-117.181
84.4019	3	0	3	-75.406
84.4589	1	0	2	-117.181
84.4819	3	0	3	-75.406
84.5389	1	0	2	-117.181
84.5619	3	0	3	-75.406
84.6189	1	0	2	-117.181
84.6419	3	0	3	-75.406
84.6989	1	0	2	-117.181
84.7219	3	0	3	-75.406
84.7789	1	0	2	-117.181
84.8019	3	0	3	-75.406
84.8589	1	0	2	-117.181
84.8819	3	0	3	-75.406
84.9389	1	0	2	-117.181
84.9619	3	0	3	-75.406
85.0189	1	0	2	-117.181
85.0419	3	0	3	-75.406
85.0989	1	0	2	-117.181
85.1219	3	0	3	-75.406
85.1789	1	0	2	-117.181
85.2019	3	0	3	-75.406
85.2589	1	0	2	-117.181
85.2819	3	0	3	-75.406
85.3389	1	0	2	-117.181
85.3619	3	0	3	-75.406
85.4189	1	0	2	-117.181
85.4419	3	0	3	-75.406
85.4989	1	0	2	-117.181
85.5219	3	0	3	-75.406
85.5789	1	0	2	-117.181
85.6019	3	0	3	-75.406
85.6589	1	0	2	-117.181
85.6819	3	0	3	-75.406
85.7389	1	0	2	-117.181
85.7619	3	0	3	-75.406
85.8189	1	0	2	-117.181
85.8419	3	0	3	-75.406
85.8989	1	0	2	-117.181
85.9219	3	0	3	-75.406
85.9789	1	0	2	-117.181
86.0019	3	0	3	-75.406
86.0589	1	0	2	-117.181
86.0819	3	0	3	-75.406
86.1389	1	0	2	-117.181
86.1619	3	0	3	-75.406
86.2189	1	0	2	-117.181
86.2419	3	0	3	-75.406
86.2989	1	0	2	-117.181
86.3219	3	0	3	-75.406
86.3789	1	0	2	-117.181
86.4019	3	0	3	-75.406
86.4589	1	0	2	-117.181
86.4819	3	0	3	-75.406
86.5389	1	0	2	-117.181
86.5619	3	0	3	-75.406
86.6189	1	0	2	-117.181
86.6419	3	0	3	-75.406
86.6989	1	0	2	-117.181
86.7219	3	0	3	-75.406
86.7789	1	0	2	-117.181
86.8019	3	0	3	-75.406
86.8589	1	0	2	-117.181
86.8819	3	0	3	-75.406
86.9389	1	0	2	-117.181
86.9619	3	0	3	-75.406
87.0189	1	0	2	-117.181
87.0419	3	0	3	-75.406
87.0989	1	0	2	-117.181
87.1219	3	0	3	-75.406
87.1789	1	0	2	-117.181
87.2019	3	0	3	-75.406
87.2589	1	0	2	-117.181
87.2819	3	0	3	-75.406
87.3389	1	0	2	-117.181
87.3619	3	0	3	-75.406
87.4189	1	0	2	-117.181
87.4419	3	0	3	-75.406
87.4989	1	0	2	-117.181
87.5219	3	0	3	-75.406
87.5789	1	0	2	-117.181
87.6019	3	0	3	-75.406
87.6589	1	0	2	-117.181
87.6819	3	0	3	-75.406
87.7389	1	0	2	-117.181
87.7619	3	0	3	-75.406
87.8189	1	0	2	-117.181
87.8419	3	0	3	-75.406
87.8989	1	0	2	-117.181
87.9219	3	0	3	-75.406
87.9789	1	0	2	-117.181
88.0019	3	0	3	-75.406
88.0589	1	0	2	-117.181
88.0819	3	0	3	-75.406
88.1389	1	0	2	-117.181
88.1619	3	0	3	-75.406
88.2189	1	0	2	-117.181
88.2419	3	0	3	-75.406
88.2989	1	0	2	-117.181
88.3219	3	0	3	-75.406
88.3789	1	0	2	-117.181
88.4019	3	0	3	-75.406
88.4589	1	0	2	-117.181
88.4819	3	0	3	-75.406
88.5389	1	0	2	-117.181
88.5619	3	0	3	-75.406
88.6189	1	0	2	-117.181
88.6419	3	0	3	-75.406
88.6989	1	0	2	-117.181
88.7219	3	0	3	-75.406
88.7789	1	0	2	-117.181
88.8019	3	0	3	-75.406
88.8589	1	0	2	-117.181
88.8819	3	0	3	-75.406
88.9389	1	0	2	-117.181
88.9619	3	0	3	-75.406
89.0189	1	0	2	-117.181
89.0419	3	0	3	-75.406
89.0989	1	0	2	-117.181
89.1219	3	0	3	-75.406
89.1789	1	0	2	-117.181
89.2019	3	0	3	-75.406
89.2589	1	0	2	-117.181
89.2819	3	0	3	-75.406
89.3389	1	0	2	-117.181
89.3619	3	0	3	-75.406
89.4189	1	0	2	-117.181
89.4419	3	0	3	-75.406
89.4989	1	0	2	-117.181
89.5219	3	0	3	-75.406
89.5789	1	0	2	-117.181
89.6019	3	0	3	-75.406
89.6589	1	0	2	-117.181
89.6819	3	0	3	-75.406
89.7389	1	0	2	-117.181
89.7619	3	0	3	-75.406
89.8189	1	0	2	-117.181
89.8419	3	0	3	-75.406
89.8989	1	0	2	-117.181
89.9219	3	0	3	-75.406
89.9789	1	0	2	-117.181
90.0019	3	0	3	-75.406
90.0589	1	0	2	-117.181
90.0819	3	0	3	-75.406
90.1389	1	0	2	-117.181
90.1619	3	0	3	-75.406
90.2189	1	0	2	-117.181
90.2419	3	0	3	-75.406
90.2989	1	0	2	-117.181
90.3219	3	0	3	-75.406
90.3789	1	0	2	-117.181
90.4019	3	0	3	-75.406
90.4589	1	0	2	-117.181
90.4819	3	0	3	-75.406
90.5389	1	0	2	-117.181
90.5619	3	0	3	-75.406
90.6189	1	0	2	-117.181
90.6419	3	0	3	-75.406
90.6989	1	0	2	-117.181
90.7219	3	0	3	-75.406
90.7789	1	0	2	-117.181
90.8019	3	0	3	-75.406
90.8589	1	0	2	-117.181
90.8819	3	0	3	-75.406
90.9389	1	0	2	-117.181
90.9619	3	0	3	-75.406
91.0189	1	0	2	-117.181
91.0419	3	0	3	-75.406
91.0989	1	0	2	-117.181
91.1219	3	0	3	-75.406
91.1789	1	0	2	-117.181
91.2019	3	0	3	-75.406
91.2589	1	0	2	-117.181
91.2819	3	0	3	-75.406
91.3389	1	0	2	-117.181
91.3619	3	0	3	-75.406
91.4189	1	0	2	-117.181
91.4419	3	0	3	-75.406
91.4989	1	0	2	-117.181
91.5219	3	0	3	-75.406
91.5789	1	0	2	-117.181
91.6019	3	0	3	-75.406
91.6589	1	0	2	-117.181
91.6819	3	0	3	-75.406
91.7389	1	0	2	-117.181
91.7619	3	0	3	-75.406
91.8189	1	0	2	-117.181
91.8419	3	0	3	-75.406
91.8989	1	0	2	-117.181
91.9219	3	0	3	-75.406
91.9789	1	0	2	-117.181
92.0019	3	0	3	-75.406
92.0589	1	0	2	-117.181
92.0819	3	0	3	-75.406
92.1389	1	0	2	-117.181
92.1619	3	0	3	-75.406
92.2189	1	0	2	-117.181
92.2419	3	0	3	-75.406
92.2989	1	0	2	-117.181
92.3219	3	0	3	-75.406
92.3789	1	0	2	-117.181
92.4019	3	0	3	-75.406
92.4589	1	0	2	-117.181
92.4819	3	0	3	-75.406
92.5389	1	0	2	-117.181
92.5619	3	0	3	-75.406
92.6189	1	0	2	-117.181
92.6419	3	0	3	-75.406
92.6989	1	0	2	-117.181
92.7219	3	0	3	-75.406
92.7789	1	0	2	-117.181
92.8019	3	0	3	-75.406
92.8589	1	0	2	-117.181
92.8819	3	0	3	-75.406
92.9389	1	0	2	-117.181
92.9619	3	0	3	-75.406
93.0189	1	0	2	-117.181
93.0419	3	0	3	-75.406
93.0989	1	0	2	-117.181
93.1219	3	0	3	-75.406
93.1789	1	0	2	-117.181
93.2019	3	0	3	-75.406
93.2589	1	0	2	-117.181
93.2819	3	0	3	-75.406
93.3389	1	0	2	-117.181
93.3619	3	0	3	-75.406
93.4189	1	0	2	-117.181
93.4419	3	0	3	-75.406
93.4989	1	0	2	-117.181
93.5219	3	0	3	-75.406
93.5789	1	0	2	-117.181
93.6019	3	0	3	-75.406
93.6589	1	0	2	-117.181
93.6819	3	0	3	-75.406
93.7389	1	0	2	-117.181
93.7619	3	0	3	-75.406
93.8189	1	0	2	-117.181
93.8419	3	0	3	-75.406
93.8989	1	0	2	-117.181
93.9219	3	0	3	-75.406
93.9789	1	0	2	-117.181
94.0019	3	0	3	-75.406
94.0589	1	0	2	-117.181
94.0819	3	0	3	-75.406
94.1389	1	0	2	-117.181
94.1619	3	0	3	-75.406
94.2189	1	0	2	-117.181
94.2419	3	0	3	-75.406
94.2989	1	0	2	-117.181
94.3219	3	0	3	-75.406
94.3789	1	0	2	-117.181
94.4019	3	0	3	-75.406
94.4589	1	0	2	-117.181
94.4819	3	0	3	-75.406
94.5389	1	0	2	-117.181
94.5619	3	0	3	-75.406
94.6189	1	0	2	-117.181
94.6419	3	0	3	-75.406
94.6989	1	0	2	-117.181
94.7219	3	0	3	-75.406
94.7789	1	0	2	-117.181
94.8019	3	0	3	-75.406
94.8589	1	0	2	-117.181
94.8819	3	0	3	-75.406
94.9389	1	0	2	-117.181
94.9619	3	0	3	-75.406
95.0189	1	0	2	-117.181
95.0419	3	0	3	-75.406
95.0989	1	0	2	-117.181
95.1219	3	0	3	-75.406
95.1789	1	0	2	-117.181
95.2019	3	0	3	-75.406
95.2589	1	0	2	-117.181
95.2819	3	0	3	-75.406
95.3389	1	0	2	-117.181
95.3619	3	0	3	-75.406
95.4189	1	0	2	-117.181
95.4419	3	0	3	-75.406
95.4989	1	0	2	-117.181
95.5219	3	0	3	-75.406
95.5789	1	0	2	-117.181
95.6019	3	0	3	-75.406
95.6589	1	0	2	-117.181
95.6819	3	0	3	-75.406
95.7389	1	0	2	-117.181
95.7619	3	0	3	-75.406
95.8189	1	0	2	-117.181
95.8419	3	0	3	-75.406
95.8989	1	0	2	-117.181
95.9219	3	0	3	-75.406
95.9789	1	0	2	-117.181
96.0019	3	0	3	-75.406
96.0589	1	0	2	-117.181
96.0819	3	0	3	-75.406
96.1389	1	0	2	-117.181
96.1619	3	0	3	-75.406
96.2189	1	0	2	-117.181
96.2419	3	0	3	-75.406
96.2989	1	0	2	-117.181
96.3219	3	0	3	-75.406
96.3789	1	0	2	-117.181
96.4019	3	0	3	-75.406
96.4589	1	0	2	-117.181
96.4819	3	0	3	-75.406
96.5389	1	0	2	-117.181
96.5619	3	0	3	-75.406
96.6189	1	0	2	-117.181
96.6419	3	0	3	-75.406
96.6989	1	0	2	-117.181
96.7219	3	0	3	-75.406
96.7789	1	0	2	-117.181
96.8019	3	0	3	-75.406
96.8589	1	0	2	-117.181
96.8819	3	0	3	-75.406
96.9389	1	0	2	-117.181
96.9619	3	0	3	-75.406
97.0189	1	0	2	-117.181
97.0419	3	0	3	-75.406
97.0989	1	0	2	-117.181
97.1219	3	0	3	-75.406
97.1789	1	0	2	-117.181
97.2019	3	0	3	-75.406
97.2589	1	0	2	-117.181
97.2819	3	0	3	-75.406
97.3389	1	0	2	-117.181
97.3619	3	0	3	-75.406
97.4189	1	0	2	-117.181
97.4419	3	0	3	-75.406
97.4989	1	0	2	-117.181
97.5219	3	0	3	-75.406
97.5789	1	0	2	-117.181
97.6019	3	0	3	-75.406
97.6589	1	0	2	-117.181
97.6819	3	0	3	-75.406
97.7389	1	0	2	-117.181
97.7619	3	0	3	-75.406
97.8189	1	0	2	-117.181
97.8419	3	0	3	-75.406
97.8989	1	0	2	-117.181
97.9219	3	0	3	-75.406
97.9789	1	0	2	-117.181
98.0019	3	0	3	-75.406
98.0589	1	0	2	-117.181
98.0819	3	0	3	-75.406
98.1389	1	0	2	-117.181
98.1619	3	0	3	-75.406
98.2189	1	0	2	-117.181
98.2419	3	0	3	-75.406
98.2989	1	0	2	-117.181
98.3219	3	0	3	-75.406
98.3789	1	0	2	-117.181
98.4019	3	0	3	-75.406
98.4589	1	0	2	-117.181
98.4819	3	0	3	-75.406
98.5389	1	0	2	-117.181
98.5619	3	0	3	-75.406
98.6189	1	0	2	-117.181
98.6419	3	0	3	-75.406
98.6989	1	0	2	-117.181
98.7219	3	0	3	-75.406
98.7789	1	0	2	-117.181
98.8019	3	0	3	-75.406
98.8589	1	0	2	-117.181
98.8819	3	0	3	-75.406
98.9389	1	0	2	-117.181
98.9619	3	0	3	-75.406
99.0189	1	0	2	-117.181
99.0419	3	0	3	-75.406
99.0989	1	0	2	-117.181
99.1219	3	0	3	-75.406
99.1789	1	0	2	-117.181
99.2019	3	0	3	-75.406
99.2589	1	0	2	-117.181
99.2819	3	0	3	-75.406
99.3389	1	0	2	-117.181
99.3619	3	0	3	-75.406
99.4189	1	0	2	-117.181
99.4419	3	0	3	-75.406
99.4989	1	0	2	-117.181
99.5219	3	0	3	-75.406
99.5789	1	0	2	-117.181
99.6019	3	0	3	-75.406
99.6589	1	0	2	-117.181
99.6819	3	0	3	-75.406
99.7389	1	0	2	-117.181
99.7619	3	0	3	-75.406
99.8189	1	0	2	-117.181
99.8419	3	0	3	-75.406
99.8989	1	0	2	-117.181
99.9219	3	0	3	-75.406
99.9789	1	0	2	-117.181
